image: 20191127_full.pgm
resolution: 0.050000
origin: [-63.053811, -27.172959, 0.000000]
negate: 0
occupied_thresh: 0.65
free_thresh: 0.196

